{
  "canvas": { "width": 1920, "height": 919 },
  "projection": [10.9628, 0, 0, 0, 0, 22.9038, 0, 0, 0, 0, -1.0002, -1, 0, 0, -0.2, 0],
  "cards": [
    {
      "mv": [1.2990,-0.2670,0.7009,0, 0,0.9345,0.3560,0, -0.5000,-0.3083,0.8093,0, -0.2587,-0.2887,-36.6959,1],
      "tex": { "width": 3200, "height": 1800 },
      "state": { "depthTest": true, "depthMask": true },
      "src": "assets/works/tattoo-01.jpg"
    },
    {
      "mv": [0.8660,-0.1780,0.4672,0, 0,0.9345,0.3560,0, -0.5000,-0.3083,0.8093,0, -0.3389,-0.2722,-36.7392,1],
      "tex": { "width": 0, "height": 0 },
      "state": { "depthTest": true, "depthMask": false },
      "src": "assets/works/tattoo-02.jpg"
    },
    {
      "mv": [0.8660,-0.1780,0.4672,0, 0,0.9345,0.3560,0, -0.5000,-0.3083,0.8093,0, 0.1974,0.1130,-37.7503,1],
      "tex": { "width": 1232, "height": 928 },
      "state": { "depthTest": true, "depthMask": true },
      "src": "assets/works/tattoo-03.jpg"
    },
    {
      "mv": [1.2990,-0.2670,0.7009,0, 0,0.9345,0.3560,0, -0.5000,-0.3083,0.8093,0, 0.4913,0.5481,-38.8923,1],
      "tex": { "width": 0, "height": 0 },
      "state": { "depthTest": true, "depthMask": true },
      "src": "assets/works/tattoo-04.jpg"
    },
    {
      "mv": [0.8660,-0.1780,0.4672,0, 0,0.9345,0.3560,0, -0.5000,-0.3083,0.8093,0, 0.3491,0.5773,-38.9690,1],
      "tex": { "width": 0, "height": 0 },
      "state": { "depthTest": true, "depthMask": false },
      "src": "assets/works/tattoo-05.jpg"
    },
    {
      "mv": [0.8660,-0.1780,0.4672,0, 0,0.9345,0.3560,0, -0.5000,-0.3083,0.8093,0, 0.9474,0.9497,-39.9467,1],
      "tex": { "width": 3393, "height": 1908 },
      "state": { "depthTest": true, "depthMask": true },
      "src": "assets/works/tattoo-06.jpg"
    },
    {
      "mv": [0.8660,-0.1780,0.4672,0, 0,0.9345,0.3560,0, -0.5000,-0.3083,0.8093,0, 1.3511,1.3622,-41.0295,1],
      "tex": { "width": 1536, "height": 1920 },
      "state": { "depthTest": true, "depthMask": true },
      "src": "assets/works/tattoo-07.jpg"
    },
    {
      "mv": [1.2990,-0.2670,0.7009,0, 0,0.9345,0.3560,0, -0.5000,-0.3083,0.8093,0, 1.2413,1.3848,-41.0887,1],
      "tex": { "width": 1088, "height": 1456 },
      "state": { "depthTest": true, "depthMask": true },
      "src": "assets/works/tattoo-08.jpg"
    },
    {
      "mv": [1.2990,-0.2670,0.7009,0, 0,0.9345,0.3560,0, -0.5000,-0.3083,0.8093,0, 0.1163,0.1297,-37.7941,1],
      "tex": { "width": 1920, "height": 2400 },
      "state": { "depthTest": true, "depthMask": true },
      "src": "assets/works/tattoo-09.jpg"
    },
    {
      "mv": [0.8660,-0.1780,0.4672,0, 0,0.9345,0.3560,0, -0.5000,-0.3083,0.8093,0, 1.7246,1.7809,-42.1285,1],
      "tex": { "width": 0, "height": 0 },
      "state": { "depthTest": true, "depthMask": false },
      "src": "assets/works/tattoo-10.jpg"
    }
  ]
}
